$ANSIBLE_VAULT;1.1;AES256
34353034333232366139666230633864343732323131633961333237636335633639323063646431
3765323238303131656165316264653265333266316436350a376634386338316534666564393439
66613830626532653962323066656637666266653933646632393564316135303037663339633738
3235396335636530330a303937636132303130633739623833663263613234313562623231386439
38363064633636323339633935333765396166333231623137636231663032306337613239323737
30346165303837633266393931633964313262393962636539643939343264336632303764363764
62366131393765636335363666326165346638393433323261613634316635666138363136353738
38363239333935366638656634343533336234353032656165373031313862336234366536626331
65326238653063653962636133313133366635663634343230366365633534313861643164376461
61363734626338623235376662343962633065643061616639326433633962366430646632386464
37353862323534653635333535366132323439376265363637366361616330393734633234346562
33623961386164363434346463343064363637633034613164613365383138383636313235383632
63616631366163303136623638663165316331353763646136396235396533333264353764666434
64383439316330636562353632396236623734396466616231393135366530363332643137373634
62323866626638656563383732366635643664313165623764386364353761666563623262373734
38306436393266616662663037666531323263623166363736393636356466356464363130333137
31383736653566633362303365323938313061653163333264656536353962326462346261616339
37393631303264373930363134373032383133656432346563353731323835386663616138633536
36383536373862626532656566626239613034626162376631343366373634653565366636633431
62313438303664663563343863373262613138393463383733366263636165363363353063356162
62633536356130393532346137626635633739333437383539626637633730613536333633613430
65653037393131613564663761333831366465653136646633393664303236616432633333623332
37656262663134396437303136363161316334386239366266623537306564386531613032663134
34333735343539323266666637613235623462373731363666343338306437373837336163643132
39366365353338353566623736393934386262303636636265376535313932346263343935366238
32323762336666613561626230386261616438393964303332623233383031626633303064326635
61613139333763666661336533616130353463303430326265633864383362386232393935373763
62393732326664663032616436663231396333326435643636346165666363333638366136363234
37616561616134326361343039626534333934666530393863633434626232663736643231336162
33633261393064663861333363396135663936646164373465396136626465373437636138626564
65343563613237336334636336353333353736633734653563303330633430306261333464626639
64333435396166303666343034633035653539316435646165363364333231373934356432383338
63663531303730633633323861643763353462363037353166383331353836373861333530623065
37653965653933313334323536303438613033313230306439326665356165386537303933303536
62383464303734313231366561313133626433303037306261373839653961346132363161613035
35316161343564643165346436376263653137623430373836626661353161613438653434333530
64323931333066326530643365306331333864396335343533303935383366613933363837666134
34366239353563326433303935333836653631633062636636636462353836623230623032653539
37616665306630623136386262303763383064366562636239333764303834356564633865633230
31313066386230636336653130343538646264613330666263623039376463636164333934346363
63323563323265666662616636653762353739323766383631633637646633393764383636363565
38643233323065636137353130643531633432343133363562313838643537396533623132636464
64633561326237666132373137343865383930643535343133643335333631323166663334323864
38393330616666656161353232613830343064393530613632336236386266363533613362643761
36336566653263633130343732666635323666643264396632346438316138303464333033376266
36313564353831323139343062623038383939316536643238616236323031663766626137396235
31376365633837666132326265643164636664623839313839616264336363303065623862313861
38393634306663663434363736333636333363643236316331613137366566313763613737353730
63323037666236373964636666303631313562373732326266353565393064306639353338663066
65316530626263663236363735373861376233356163616239303962323565346131306436303834
30626566613463386634353666346663303463326262356337393065663031333132366239353931
31366333326163343632333465666462613735396437366438396266336439353833353733626535
64336536306263613230333030613965613032303562383039383964376535643863303931626537
64663365363536343934306264393463626532316332636133303761323038316632623661663064
35663065353461663566616435346265346335386638383965396566616562363437373335363065
63643333623233633336623439333062653939313436613463613436633531666163356536636134
33646634346536623930353634356136613365643438376332303430303466663165356339663062
38306133653366616139666261336536386431663038363536356632363936343865653162353936
38306466353532396266383531393332363361323365363637383337653838313966383938663038
35613663613734336261316235636630363039623333303435643630396237386338323166323864
37666430356637613436323631316262383765653832396431616337316563613536323762323530
62643739643965353261373963353733343736623833643730303136623737636233626533643238
64336461393062666430356237303032623834343166633131363961656538373730393137386131
31666361623432333365313766646538356136373331346466646466653462303961366163383262
34653864646562353364303731353662643161386431336339333437333561656638353532303934
64356663353561633164653861623465303832626263353461633664633331326635376230623563
66303933623037333933303236306633306231656636623861383264656431663436343036643330
63643235663362626434376437643564633338386663653339613462613265653034393436313538
65373235316136363061616235373632303033333237646563383862633565346466633162313066
36343461353163373264643831373836666234323232356538313165653031333766356131373632
30343464326134383663643164653965343230313031616132393139303737303865636135346433
37323033306466363030343062663763653739653661346335363931336535383266346466333564
66373464636432353532396433303732326330336237313235353661306631633330383138316531
34386134643066613331386334636133373530346337383536303232333166363165613565303233
34653331376463653234373431386666383435333664326333653531666338303662616435393638
34666664323232396637303235373234303131613366666230303231666264346461343134386435
36323164323033346536636432646134353265343531666539306264623337316635613331373538
31363737653534386364613165666131636261323063323330666130643331333635623937336338
38626131393733333136386534373461356535386162323864616461623239633233653632353339
32316435316536636266363433363230633634613933613462383331333435383164373530343763
30383836363366326134646436343762353337326266363634613761303032636564343037643437
36303864323737613463373137383862316534383963643431613762353461353939366263656533
37313761366365373030616134666137663331333539633039663339333566636136363561633063
31666634643363656630613334646236663831333665633133336237613731656166653835326530
64626234306462333734356131306364313638313636383563643334616565316539336366633733
36393563653031386635616237386438613233343934633938353335666331343439306236653131
61393430316130313461346163613466333664663637343666383265323864343032363930643936
63336564306666356630363865356635643536373033316431616564643837343936623137353332
64353264333364343361663063343038373164633231303533333339623432383833303237376562
66666431376630346662643563333465353261616336353764323235643639656137356635386439
64386161363330643630313336343264306433346262366663313864663337653335353136613330
35623239363965306331373965393630643832666666323733643239343231636463643933393730
6561
