$ANSIBLE_VAULT;1.1;AES256
32396362643736313934373239323436613837323762646234343366653561336233326435363136
3638616230343237383735373366663734376335323033320a376332613965663633333033613137
63353765636537653431386164333661333834353739316365386635356566663438353935356163
3531643661373434350a623337656632626562626634393531316135666138343639343737343133
31336366303664356336636264366634343563356639396539386134363738646133326536663638
38366432316134336466613864323066633363663838663834663863613937343936623661356365
61383261303730356333616331656137383934653663343736343731323564303735303766386630
38316633306135346264316333383830353732353462616364636232623930366136653236343136
38393638373464613939633365303634663431353862643061656439666332613766356538386135
62646664623231666536313437626566343035373932306232396534393766303836366232366430
62363634626136346163653266306137333530363062633961333939303461363762393662653331
62306531326261636566336361626337386132633337386334633334306663363663376462366339
38363331396663376564333566313066356463666136616635393463633238646265373866626339
65363761633862616631303237373032316261613865653963373036366431656437393138306665
66343031616266326663633536623833376234626466303766336331323138333130353963303439
63316630613263346638663163316466396536393066316664396537353135656366666632306632
35663835313333636231663334656562303964336135393432646433306465656634646665643565
39656336383965386535336138643735646561303162663937663530636561623730383531323035
65303063336532386466616230313831663964656531316439663066376261393562343037343761
37376562653066656463656338313431363632616335396466663366393531653532363562643265
31306434323161303764373865653239326363313564396164616132666631303466653437316461
37363066343435386234363733356337613632633137663239386538623064383133663735663037
38633936393538316562383336343363363035646362646231616133346264363230636234353138
38373131616534366135333333316162386562623832663862363036333161363830356265356433
34343335626130616630383161643135356139323938363132366438396662393135323834653165
37653431633232353361326130636464636461383665643262356531343636653662383032346135
31663038383733656131306461363133393235306362656134613465643866356262363535653533
34373164346465626633646263313433346265356431653734343433613538366438316139343834
62316366356438393833313662326366313737386364353265383266396533313035313230363032
31353865303035393965373737653763373362306633646338353166396161623236666437653533
62613865623362613834373061333132333634633464343632646564316561386439313032646134
39303965386134343239393932343864613335376266333730666262363064653835316130316665
31653964653933313364393732316339623834336264646531616663323165313964396266653034
39336562333735653963623366666130663336636639343062653139626535386432646133396461
35616161623163303936346534373137313165653862316138366463306461363933336164333536
62643431653666373137363234373939623561353461356330646338653565333837663461376437
39356266336436313839646233653331626236363561666361633665613632316363653232316432
65336664306462353132623835306431636266666662353234313162663537323537363136353563
61656533656365366436646363336237343865316234303733313536333764656435333561396236
36303437356663373035356263323231306361613239363937646664623530396639636538653830
61306563343339346330663633613234663065396265643633363931336530653063366666353639
63643635376238633930366263313265376434383965353037343462323839653439383434313737
37643964353137643938616364313266663462663037333832343137363933616131626536373733
37313338343132346430363432393138353136666236373538646663306330343432633332363464
31353236316230383138613166666138303935316238306365346366613738306537393834376464
35323833626133366130313365613065643533343836303766613832626437303464663834656364
32623861316133393464353566623537353434383065333136306666386332313235376665396161
63393732326464363662353332366562613362336465323762333035396363616436313635663336
37336235633365343238393232303166636333346238363366363833643834633132326436333766
64363432376266316230363033323238613666303563643931313761303637616131363631616634
62326332616664663738303861613232396333376635386363306333383332623632303863636461
38373265383339386230333036393133306165613263633531623032333266613635626562333862
35393638373331323132313162663663653761633162303530366639386539343166626435626433
61303136366333363736643132373565656164353261393764306638353739353536653534643532
33306531616237633839396631343838653431323539656262383561313562666535333964303465
64363331383534636339303762623434633730313734326537376463633933346132643634373665
65636634323634373939313734663437383431626432613138356562613936666330663936353137
31356561363662643232343335396437663235633732663733653264346562333432373536303262
65616462396537303833623064656630636631636437376163393863656661613438376133346339
32656236663339343136663432323933366465316134623834393839626164663364666531616634
32643836343333646661353334346635313263383533316637386161656234323464363362626533
31623063653762383935333135323038333738376430636238343461303766656334346565666266
39653330356263383165636633306537323734623435336438333965356237616339346433633633
37636531663935313065653463343631626634626138316463643739616432323330373237316337
65323933616565316638643866363166643563373433363337393534636631316537346565613431
63316464306262346464346664386165643636623864626637656332333237396330316264623630
30376266656239376431366664656239623063313937613938633031333432306639613866396666
38366666363366626532303435623066366134366465626437386536306163346131306162653966
38333535616435386630303136613638373938633361613637343336633965643764343437353931
34363336653033393166623233303563663631343663343262323235323136646261343761613532
65373239663864316335646433613264313837663030383535316530363162343462623535316236
36363434626637653935343730313862376365316436643931333964396134616333396536653463
31383766376230313133383737633065353163646436626136633130346564643061356235396437
35353536643039363939343035353533333731343261383630653362396135353362666631303333
32646661323636646561333264653566306638636535346432383031383266326435663036343262
30373963306364343535383361653161356631326235356261663365643836363664613935383439
65306264303333356533376438363763616635373032336339396630646238646538323362653339
38306334623965623834313463396466306637613037346135666363316161636664323566326536
39323764633266373837336133383132663064626438656432353063356663366139303666633937
37656561653839383564396638663061613834396637356533633738643132363636326332356432
39666634646236343437616433343636306162323062306162386635633337396235373136326465
31363564623763643833643462383930613335316330376664326532613931303365326632636435
34303562366635383462346433393536636637393238333135306364306463373663666264353264
31636236323562656632313264636635343963633633633236383331643334366166636665626639
66336235666337383763633463326332366463303734343165646635336331373334376538356561
35663731643765353730633034396131626537636265326531666333326439623631383838646537
38326435333964363364666131323236346333356331393866613163333130656430653333393063
39396561306637363062376565316561633966626363633830663735636336626135343636353731
32643961333362373838663833316338623562326330643535343664353836663838633636353663
31633938343839633738376134383332376337663034356263393834313630636138376639373832
62326161303064366162346164386562653166666562663330653836343666376564313031306435
64356430343230386434303062623931383665326139303832393339333238376230616336373538
36656663363364343665373230316561613465363335643933653137303366303633313736346664
62663038643435623535346664623130653936613362363462343666313038346635646664383537
38356666356536363831306535373332643732333434396630343866633335623665323232373866
30356162336561383134373565316666323836616230663731386337643533366535313833653363
31633039383331376133323262353636383339373565643639303733366236393039626561393662
62303166613135376231346234636232383264326230663966346337333665326632303330633864
65363730376333663639353362633133643339646130653462656265353832376434653566313133
38666239393164343033356461646364316561316130396262383166386134326639386235373437
64636164393038393261383863303031383562313265616436323733663839343739666165386139
66626233633133336631613764303264666435323366633738366265393433363031666165666237
36353162626530383165336161646237663566653938353739646539666239313933616637633561
35383436356261376434613866323435666333336337613636656161366265613736316432303136
31316236633339303731333064376361623861396139653863393862303064616234323766373631
33393630373730316432346438333435653332653264333833663735623636353034343132626264
30336663663837376134346566343866663331346532663539663239303464613635643336626238
34616563343265626637396230653238393834623433653032306639643765353835346231323838
32313665633531363932353737376365643838393432353064633766616266303932643937306464
38313130383535313235316362313438356133613064303436393066363631383536343262353634
36303434383162663864303636396461613532313465326538323735386565326162656434393533
39373562323062336334616236643262316430666435636532333439393136646135636662383265
62643064666266313266373235616464613338626334363932316639396633613264623339356439
30376662663630623266366238626261616238363562353034356632303661646635643439383235
62633262646533373366653830646430353431383166343837646133343064633861333538383932
34313430643266656362346539386461636433333036366132323134656534373461336666316630
39653764366365613564653837383639336136333539386166633037653636636337373630343561
3936303938313930336564666338346464643138356465366436
