$ANSIBLE_VAULT;1.1;AES256
64373030353435303566623736643039326531373636636537636333633236383839396539616431
6434303337613737363632346261326232636561386464610a613935323730343336616236636535
62653335373465633934346632623263346666373834613066383366623364663662333861303063
3966643836323133390a313662643633316637336363646130373438383336636235363066346335
35636135383530373965666334643162346331383163633134663832613931653563353363393033
66303363643239626639333066656438343862323037386661653332363063353465616362363339
39336334383965323430316132323161316362373965323830363936356236323663656163656237
37363137326531393262643533613539356338393861616439623334623630336633303864346334
62633137326166653761343065393630613238393236363439346261316464353566613862663365
62356162396630346531643739373937333964653565393830356632636663383035663335353439
34663139613534346430393339663039646263363063306631386463613766626363346630376661
31376662363963383039313135373661623535333263376437356230623931643037333530303730
31353538353937396461626636343564333837623462633865323762306633346530623663396265
33316162396132636137383362383932633366656631363164636334326439353365323934303639
39316635386131323063303738613935323962343065636434363364643134366164333362306263
38616337333866643539366632356637363037373330343766373531666563623465323537633039
37626134326539323266386434633863386630306633393033373562633537393630346133663061
30363535623838643034626363386164333663393931343136336339666433616134623935356536
34666662643738353861333061343933353963323339623835663735656461636561643433323034
38356630626465613232646438653765336664623136626661643033623333376639333131353034
64333831613530363462313933633638663061663761626133383561346465653730316635353561
32633535346131663430353637306664343938633835633338356262326131636361383765643533
35376263393834663339313539333466353633326666636435666464376363313362653035656631
61376637396466316663343330323236323462356261616636396465353663363363356632393731
37656461323562333762386438393837366337306234306637316337346664653439656161646332
33376564646637646263626561386534306364383534656262626433353866336161363237316638
65396338636164353664313439313664333831353434663136333835666166666531343762666164
61633136316533646535326663633361343462386262363239306434323733316464393663353330
63363235396137346161363038326332663632663665393730303962626662663064646561626532
61313861323864383330346236376462663963666634393435323432306461623761333931323036
38323530343866363336313661626165623035303334316634346133386362613333353537353031
63323733356331353438353931653636613137326461393461636533633561373263343732636632
66643935373364656366613837343233383736643364343935666465636232363033316365663031
66363465626266383232303962383464356361393433663865393461653334323063396233343863
64623239633961646562643461316639633630303166326233633438363737653261356362636537
31323963386263346666623039316262336336333766343835656665376338643633323565306162
34613365316463366332353266663066636461393732383466646566616363303231386233643735
66326635633534313234396338643965303830633333626437653036316465383862623531373666
30646434363963393134613166373930346164383732623133366336646131383034363334333630
32653861333034336634613561363336626638643733356138373764336536396135333231323366
32663739396238653837343133313539656361353532623936663365623365363861613765336235
39303462353736663264383737383365373461616137346461346563303136313034373938313061
35376335383436613539343536343837343464633563323136366437306135633231346336623962
34353361366538653862653438626266333439333235656138313634313063646161666634633231
37613666343963386165656530633636356232656666623137383164393437643063316134653838
66323834306666386539666234666662663433343038333335346632343237306133633830343964
33343462343337636336636463393531373432343162666635343763623663313665306165643336
31306663366463383538333432303732333563633363633164643130646633623763643539343532
66333562306332616234636630393137366130343730346663623862376361366362363164353430
63623264323465336665333564386135346264346230386338353466393632626139336365633362
33303161383237306162386531373035666563653265326130616432363437346566376134396135
39636139633732333834616562356336326339303864383566626532636161623838356662313033
35663934643436616331366232313063333333666234343966353064393732333763373635636332
37613762643438343837343832663065356439333532333461313364356466346437323135636336
37323362626133333631373364376466383066613232653438383736616632363830613963646533
38313930626563336231643835656166353133663538393533653731303136313235613137643632
62383961613465623264373162303264393234383463663765313561353639336139666430373935
63633432323532393061613135363539636663376433346137316262616366363063353663353236
35323962623362393364366433653865373561316561373737383865623166386534613937336233
31643635373566616663666335343036613861333933393832316135373132393532343562376138
36306336646237636435633135386231366261623739636664343232326339313038363061613538
66333032386562633230663330623866613261366532653932396135373335303039663865333536
64313563383864653634663064333531333237373061346361313764383835333139663365323439
30663831323863356635336634313839376335383365373834313962323434363066333466336162
33646139306535643964636637626666633839353332653762303536343530373636666531643763
31363864656231613736313230383334633232333537353035653631333431353765643837663866
38316365343336616332666363643863666365343132343162663133663361303863393637313535
37663036393735626535363361396430323066633566663632393062333535623832633637656665
30313464363835646338373638633138353863333465623365626631616661386262383832363131
34623538383431636232663138613634626135343931663232643637663735336262356333376163
61636266303561383865383637393834656236663664653238663763613431333337383634306436
33356539363730306664643033633136333066663235663933353561303230333135306135663762
38636436326234303031356138346164643965336631343638666235653865633561356561363062
63323830636138326634313765646361383165656231643063323730663030653438386136383161
65396434316135633833616539623964616236363363633731343130646233333636343665643161
61373764653836343064663465643030616631353739373464343830656232343864656333343032
33313033626365363537393935336231616532663864346330363430613830323731633333376466
64663134636431313539386461396266383734666637613437643833353435383661626530343434
64386664336664656165343835663631613963383938393837336631393735383062643138313564
65616566383431303730626631663662336465663565346265303936656331643638386262333062
36326634336231306139656664313435303465343236623738313330356166316636626665393066
36343932383832666137376135633237633237393139323562376133343164333266313737643865
37323262366264653565643138646336333261613133663066343135336161333036656533303162
37373337363866613535383830326636323064323832323161626136646339393065323139336439
34393638306435396135636366663963366639653662613233303430386131636263636630356139
61346330353961663564356664633735623933623363366164353638316162343635613062343264
39643738373764316634383365343539626430626139386165623462353135663963396238643536
33616134653335643737636565383463323466646132656566333538313436313737323633383263
33396364363664623231613935663430306132306134616339373366393261323331646263646466
30656333636137316335633866393362316565396263656230313466636431376436646331346637
62353162323663396366343633336233366138383363626236633838303164353135356238613830
63643962363136303430646237323765366336653662623465336531393363633030363534376134
38616665633133343864356364326566653964336566356631346538653134366230383236356135
35373836313433613039646434623064373337326231303166303934653539333864633639646635
65636563333034316239313937346335636166313731346232623439613662663738333931616166
38613034613264353765323539366535383765613065643031613031306163303365646431646436
33346435306532616363643338613263386263373436663330303630623465343137626665313232
30653164313262663661323335613335366266356461383065353261626364366638336234376462
65373930333230356533323933613661306261656133333663383336353131666165613332653734
37323639393366373165326637653961393438633562333432386533633331363331343264636564
32646463663836353737653336356564373665396639633633323235383565613934356631336638
35323734343561373361393133333731366337656566383736353230313362333865623166626237
30373164613966623738393635336262663762616366633133343631346231383966386537366563
34353066313231393861616237653331326231633264373461646262613530623965333465336361
34373664346565653936383630353637376362353763323163393932663061613339656233623461
32316430346539303531623235396238323063646365353234643230343138343839336161383230
66663236313433633765646538323431313232303564613732326231336237613538363135366365
30626231663137646437313163666464313736353165333530303138646137393830626434373435
65343966643366643139333663333136663465356634316333306264663665373032333564343433
64353430633061393039366135366363616332313238323133656338653534373062373735626135
66313261393133343262353634366332306639306337656631623736343639626633393833333762
37326162393739313437386232303438636134396461373861396136316631386330636139626464
38346631653235636363343237323664306536653230376262366665633633326538366365663335
62346632623130326233346638643439376432323738313033353665323531323730323466396361
33353763303063393239386230363666653463323262653666323537323462636534653666313831
62373061663032323363623330323461303738373532313338656162386230306634636130386365
33643131343534386135613762373535393231646162383437653436373236613162663037306263
6535313938396265343231356530626636376263373463323834
